2 10 00000000000000000000000000000000000000000000000000000000000000000000000000000000000000000000000000000000000000000000000000000000
2 10 00000000000000000000000000000000000000000000000000000000000000000000000000000000000000000000000000000000000000000000000000000001
2 10 0111111111111111000000000000000000000000000000000000000000000000000000000000000000000000000000000000000000000000000000000000000
2 10 01111111111111110000000000000000000000000000000000000000000000000000000000000000000000000000000000000000000000000000000000000001
10 2 0
10 2 0.5
10 2 0.0075
10 2 -0.123456
10 2 1
10 2 1.25
10 2 -11.45
10 2 25.65
10 2 -33.96
10 2 47.625
10 2 53.456
10 2 69.123456
10 2 -73.1875
10 2 85.789
10 2 -99.125
10 2 100
10 2 101.101
10 2 1234.1234
10 2 12345.53125
10 2 123456.123456
10 2 -1234567.1234567
10 2 12345678.12345678
10 2 123456789.46875
10 2 -123987123987.03125
10 2 9876543210123456.000987654
10 2 -99999999999999999.28125
2 10 00000000000000000000000000000000000000000000000000000000000000000000000000000000000000000000000000000000000000000000000000000000
2 10 00111111111111100000000000000000000000000000000000000000000000000000000000000000000000000000000000000000000000000000000000000000
2 10 00111111111101111110101110000101000111101011100001010001111010111000010100011110101110000101000111101011100001010001111010111001
2 10 10111111111110111111100110101100111111111010011111101011011010111111010001000100111000001101101010100000110010101110011001000011
2 10 00111111111111110000000000000000000000000000000000000000000000000000000000000000000000000000000000000000000000000000000000000000
2 10 00111111111111110100000000000000000000000000000000000000000000000000000000000000000000000000000000000000000000000000000000000000
2 10 11000000000000100110111001100110011001100110011001100110011001100110011001100110011001100110011001100110011001100110011001100111
2 10 01000000000000111001101001100110011001100110011001100110011001100110011001100110011001100110011001100110011001100110011001100111
2 10 11000000000001000000111110101110000101000111101011100001010001111010111000010100011110101110000101000111101011100001010001111011
2 10 01000000000001000111110100000000000000000000000000000000000000000000000000000000000000000000000000000000000000000000000000000000
2 10 01000000000001001010101110100101111000110101001111110111110011101101100100010110100001110010101100000010000011000100100110111011
2 10 01000000000001010001010001111110011010110011111111101001111110101101101011111101000100010011100000110110101010000011001010111001
2 10 11000000000001010010010011000000000000000000000000000000000000000000000000000000000000000000000000000000000000000000000000000000
2 10 01000000000001010101011100100111111011111001110110110010001011010000111001010110000001000001100010010011011101001011110001101011
2 10 11000000000001011000110010000000000000000000000000000000000000000000000000000000000000000000000000000000000000000000000000000000
2 10 01000000000001011001000000000000000000000000000000000000000000000000000000000000000000000000000000000000000000000000000000000000
2 10 01000000000001011001010001100111011011001000101101000011100101011000000100000110001001001101110100101111000110101001111110111111
2 10 01000000000010010011010010000111111001011100100100011101000101001110001110111100110100110101101010000101100001111001001111011101
2 10 01000000000011001000000111001100010000000000000000000000000000000000000000000000000000000000000000000000000000000000000000000000
2 10 01000000000011111110001001000000000111111001101011001111111110100111111010110110101111110100010001001110000011011010101000001101
2 10 11000000000100110010110101101000011100011111100110101101101110111000111110001101101001110001110100001111110110110011111101010111
2 10 01000000000101100111100011000010100111000011111100110101101110100010000100100011100100010010100110110011100000101010001111011111
2 10 01000000000110011101011011110011010001010101111000000000000000000000000000000000000000000000000000000000000000000000000000000000
2 10 11000000001000111100110111100011010101011111000100110000100000000000000000000000000000000000000000000000000000000000000000000000
2 10 01000000001101000001100010110101010011110100110100101111100001100000000000000010000001011101000010101101000010011100000101111101
2 10 11000000001101110110001101000101011110000101110110001001111111111111111101001000000000000000000000000000000000000000000000000000