2 1111100011101010111 + 01101110110111
2 11011011 * 010101111
2 10 01101010111110111111
2 010111111111000000001111111111111111 << 2
2 010111111111000000001111111111111111 * 1111111111111
2 11101010111110111111000101010111 - 00011111110101010101011111100000011111101000000000011111
10 2 8793278316383117319
16 85AF + 90BC
10 5678 >> 2
10 2 -1
10 16 -1
10 16 -823747237497913247932
10 2 -3284090234932749793293
10 -923749892384 rol 3
16 -923749892384 ror 3
16 10 FFFFFFFFFFFFFFFFFFFF262ED5784DA4
16 2 FFFFFFFFFFFFFFFFFFFF262ED5784DA4
16 FFFFFFFFFFFFFFFFFFFF262ED5784DA4 + FFFFFFFFFFFABCFFFFFF262ED5784DA4
16 FFFFFFFFABFFFFFFFFFF262ED5784DA4 rol 5
16 FFFFFFFFABFFFFFFFFFF262ED5784DA4 ror 6
16 2 FFFFFFFFABFFFFFFFFFF262ED5784DA4
16 10 FFFFFFFFABFFFFFFFFFF262ED5784DA4
10 -23749729384080238042380 >> 4
16 FFFFFFFFABFFFFFFFFFF262ED5784DA4 >> 6
10 92392394932492384 / -28378497239808320480
10 -1 / -2
10 -324987234 / 55555
10 -324987239998984 * 555
10 -28343242343 * -1
10 -28343242343 * 0
10 -28343242343 / 0
16 FFFFFFFFABFFFFFFFABE262ED5784DA4 - AB231298BAA
16 FFFFFFFFABFFFFFFFFFF262ED5784DA4 ror 6
10 2 -170141183460469231731687303715884105728
2 10 10000000000000000000000000000000000000000000000000000000000000000000000000000000000000000000000000000000000000000000000000000000
10 16 -170141183460469231731687303715884105728
10 16 -170141183460469231731687303715884105727
10 2 -170141183460469231731687303715884105728
16 FFFFFFFFFFFFFFFFFFFF262ED5784DA4 | 12332408ABB
16 FFFFFFFFFFFFFFFFFFFF262ED5784DA4 ^ 12332408ABB
10 73947239234929349 & -100032493247923794
10 73947239234929349 ~
16 73947BBAE49 ~
10 ABCDF9349 ~
2 01010111110111111000101010111 ^ 11110000011111101010
10 2 -170141183460469231731687303715884105728
2 10 10000000000000000000000000000000000000000000000000000000000000000000000000000000000000000000000000000000000000000000000000000000
10 16 -170141183460469231731687303715884105728
10 16 -170141183460469231731687303715884105727
10 2 -170141183460469231731687303715884105728